755225143
755225144
755225145
755225146
755225147
755225148
755225149
755225150
755225151
755225152
755225153
755225154
755225155
755225156
755225157
755225158
755225159
755225160
755225161
755225162
755225163
755225164
755225165
755225166
755225167
755225168
755225169
755225170
755225171
755225172
755225173
755225174
755225175
755225176
755225177
755225178
755225179
755225180
755225181
755225182
755225183
755225184
755225185
755225186
755225187
755225188
755225189
755225190
755225191
755225192
755225193
755225194
755225195
755225196
755225196
755225196
755225196
755225196
755225196
755225196
755225196
755225196
755225196
755225196
755225196
755225196
755225196
755225196
755225196
755225196
755225196
755225196
755225197
755225196
755225197
755225196
755225197
755225196
755225197
755225196
755225197
755225196
755225197
755225196
755225197
755225196
755225197
755225196
755225197
755225196
755225197
755225196
755225197
755225196
755225197
755225196
755225197
755225196
755225197
755225196
755225197
755225196
755225197
755225196
755225197
755225196
755225197
755225196
755225197
755225196
755225197
755225196
755225197
755225196
755225197
755225196
755225197
755225196
755225197
755225196
755225197
755225196
755225197
755225196
755225197
755225196
755225197
755225196
755225197
755225196
755225197
755225196
755225197
755225196
755225197
755225196
755225197
755225196
755225197
755225196
755225197
755225196
755225197
755225196
755225197
755225196
755225197
755225196
755225197
755225196
755225197
755225196
755225197
755225196
755225197
755225196
755225197
755225196
755225197
755225196
755225197
755225196
755225197
755225196
755225197
755225196
755225197
755225196
755225197
755225196
755225197
755225196
755225197
755225196
755225197
755225196
755225197
755225196
755225197
755225196
755225197
755225196
755225197
755225196
755225197
755225196
755225197
755225196
755225197
755225196
755225197
755225196
755225197
755225196
755225197
755225196
755225197
755225196
755225197
755225196
755225197
755225196
755225197
755225196
755225197
755225196
755225197
755225196
755225197
755225196
755225197
755225196
755225197
755225196
755225197
755225196
755225197
755225196
755225197
755225196
755225197
755225196
755225197
755225196
755225197
755225196
755225197
755225196
755225197
755225196
755225197
755225196
755225197
755225196
755225197
755225196
755225197
755225196
755225197
755225196
755225197
755225196
755225197
755225196
755225197
755225196
755225197
755225196
755225197
755225196
755225197
755225196
755225197
755225196
755225197
755225196
755225197
755225196
755225197
755225196
755225197
755225196
755225197
755225196
755225197
755225196
755225197
755225196
755225197
755225196
755225197
755225196
755225197
755225196
755225197
755225196
755225197
755225196
755225197
755225196
755225197
755225196
755225197
755225196
755225197
755225196
755225197
755225196
755225197
755225196
755225197
755225196
755225197
755225196
755225197
755225196
755225197
755225196
755225197
755225196
755225197
755225196
755225197
755225196
755225197
755225196
755225197
755225196
755225197
755225196
755225197
755225196
755225197
755225196
755225197
755225196
755225197
755225196
755225197
755225196
755225197
755225196
755225197
755225196
755225197
755225196
755225197
755225196
755225197
755225196
755225197
755225196
755225197
755225196
755225197
755225196
755225197
755225196
755225197
755225196
755225197
755225196
755225197
755225196
755225197
755225196
755225197
755225196
755225197
755225196
755225197
755225196
755225197
755225196
755225197
755225196
755225197
755225196
755225197
755225196
755225197
755225196
755225197
755225196
755225197
755225196
755225197
755225196
755225197
755225196
755225197
755225196
755225197
755225196
755225197
755225196
755225197
755225196
755225197
755225196
755225197
755225196
755225197
755225196
755225197
755225196
755225197
755225196
755225197
755225196
755225197
755225196
755225197
755225196
755225197
755225196
755225197
755225196
755225197
755225196
755225197
755225196
755225197
755225196
755225197
755225196
755225197
755225196
755225197
755225196
755225197
755225196
755225197
755225196
755225197
755225196
755225197
755225196
755225197
755225196
755225197
755225196
755225197
755225196
755225197
755225196
755225197
755225196
755225197
755225196
755225197
755225196
755225197
755225196
755225197
755225196
755225197
755225196
755225197
755225196
755225197
755225196
755225197
755225196
755225197
755225196
755225197
755225196
755225197
755225196
755225197
755225196
755225197
755225196
755225197
755225196
755225197
755225196
755225197
755225196
755225197
755225196
755225197
755225196
755225197
755225196
755225197
755225196
755225197
755225196
755225197
755225196
755225197
755225196
755225197
755225196
755225197
755225196
755225197
755225196
755225197
755225196
755225197
755225196
755225197
755225196
755225197
755225196
755225197
755225196
755225197
755225196
755225197
755225196
755225197
755225196
755225197
755225196
755225197
755225196
755225197
755225196
755225197
755225196
755225197
755225196
755225197
755225196
755225197
755225196
755225197
755225196
755225197
755225196
755225197
755225196
755225197
755225196
755225197
755225196
755225197
755225196
755225197
755225196
755225197
755225196
755225197
755225196
755225197
755225196
755225197
755225196
755225197
755225196
755225197
755225196
755225197
755225196
755225197
755225196
755225197
755225196
755225197
755225196
755225197
755225196
755225197
755225196
755225197
755225196
755225197
755225196
755225197
755225196
755225197
755225196
755225197
755225196
755225197
755225196
755225197
755225196
755225197
755225196
755225197
755225196
755225197
755225196
755225197
755225196
755225197
755225196
755225197
755225196
755225197
755225196
755225197
755225196
755225197
755225196
755225197
755225196
755225197
755225196
755225197
755225196
755225197
755225196
755225197
755225196
755225197
755225196
755225197
755225196
755225197
755225196
755225197
755225196
755225197
755225196
755225197
755225198
755225199
755225199
755225199
755225199
755225200
755225201
755225202
755225203